42 32
7 2 9 1 4 8 3 6 5 2 9 1 7 4 3 8 6 2 5 9 1 4 7 3 8 6 2 5 9 1 4 7
3 8 1 6 2 5 9 4 7 3 1 8 2 6 5 9 4 7 3 1 8 2 6 5 9 4 7 3 1 8 2 6
5 9 4 7 3 1 8 2 6 5 9 4 7 3 1 8 2 6 5 9 4 7 3 1 8 2 6 5 9 4 7 3
1 6 2 5 9 4 7 3 8 1 6 2 5 9 4 7 3 8 1 6 2 5 9 4 7 3 8 1 6 2 5 9
4 7 3 8 1 6 2 5 9 4 7 3 8 1 6 2 5 9 4 7 3 8 1 6 2 5 9 4 7 3 8 1
8 2 6 5 9 4 7 3 1 8 2 6 5 9 4 7 3 1 8 2 6 5 9 4 7 3 1 8 2 6 5 9
2 5 9 4 7 3 1 8 6 2 5 9 4 7 3 1 8 6 2 5 9 4 7 3 1 8 6 2 5 9 4 7
9 1 4 7 3 8 6 2 5 9 1 4 7 3 8 6 2 5 9 1 4 7 3 8 6 2 5 9 1 4 7 3
6 3 8 1 6 2 5 9 4 6 3 8 1 6 2 5 9 4 6 3 8 1 6 2 5 9 4 6 3 8 1 6
3 8 1 6 2 5 9 4 7 3 8 1 6 2 5 9 4 7 3 8 1 6 2 5 9 4 7 3 8 1 6 2
7 4 3 8 1 6 2 5 9 7 4 3 8 1 6 2 5 9 7 4 3 8 1 6 2 5 9 7 4 3 8 1
1 6 2 5 9 4 7 3 8 1 6 2 5 9 4 7 3 8 1 6 2 5 9 4 7 3 8 1 6 2 5 9
5 9 4 7 3 1 8 2 6 5 9 4 7 3 1 8 2 6 5 9 4 7 3 1 8 2 6 5 9 4 7 3
8 2 6 5 9 4 7 3 1 8 2 6 5 9 4 7 3 1 8 2 6 5 9 4 7 3 1 8 2 6 5 9
2 5 9 4 7 3 1 8 6 2 5 9 4 7 3 1 8 6 2 5 9 4 7 3 1 8 6 2 5 9 4 7
9 1 4 7 3 8 6 2 5 9 1 4 7 3 8 6 2 5 9 1 4 7 3 8 6 2 5 9 1 4 7 3
6 3 8 1 6 2 5 9 4 6 3 8 1 6 2 5 9 4 6 3 8 1 6 2 5 9 4 6 3 8 1 6
4 7 3 8 1 6 2 5 9 4 7 3 8 1 6 2 5 9 4 7 3 8 1 6 2 5 9 4 7 3 8 1
7 2 9 1 4 8 3 6 5 7 2 9 1 4 8 3 6 5 7 2 9 1 4 8 3 6 5 7 2 9 1 4
3 8 1 6 2 5 9 4 7 3 8 1 6 2 5 9 4 7 3 8 1 6 2 5 9 4 7 3 8 1 6 2
5 9 4 7 3 1 8 2 6 5 9 4 7 3 1 8 2 6 5 9 4 7 3 1 8 2 6 5 9 4 7 3
1 6 2 5 9 4 7 3 8 1 6 2 5 9 4 7 3 8 1 6 2 5 9 4 7 3 8 1 6 2 5 9
8 2 6 5 9 4 7 3 1 8 2 6 5 9 4 7 3 1 8 2 6 5 9 4 7 3 1 8 2 6 5 9
2 5 9 4 7 3 1 8 6 2 5 9 4 7 3 1 8 6 2 5 9 4 7 3 1 8 6 2 5 9 4 7
9 1 4 7 3 8 6 2 5 9 1 4 7 3 8 6 2 5 9 1 4 7 3 8 6 2 5 9 1 4 7 3
6 3 8 1 6 2 5 9 4 6 3 8 1 6 2 5 9 4 6 3 8 1 6 2 5 9 4 6 3 8 1 6
4 7 3 8 1 6 2 5 9 4 7 3 8 1 6 2 5 9 4 7 3 8 1 6 2 5 9 4 7 3 8 1
7 4 3 8 1 6 2 5 9 7 4 3 8 1 6 2 5 9 7 4 3 8 1 6 2 5 9 7 4 3 8 1
3 8 1 6 2 5 9 4 7 3 8 1 6 2 5 9 4 7 3 8 1 6 2 5 9 4 7 3 8 1 6 2
5 9 4 7 3 1 8 2 6 5 9 4 7 3 1 8 2 6 5 9 4 7 3 1 8 2 6 5 9 4 7 3
1 6 2 5 9 4 7 3 8 1 6 2 5 9 4 7 3 8 1 6 2 5 9 4 7 3 8 1 6 2 5 9
8 2 6 5 9 4 7 3 1 8 2 6 5 9 4 7 3 1 8 2 6 5 9 4 7 3 1 8 2 6 5 9
2 5 9 4 7 3 1 8 6 2 5 9 4 7 3 1 8 6 2 5 9 4 7 3 1 8 6 2 5 9 4 7
9 1 4 7 3 8 6 2 5 9 1 4 7 3 8 6 2 5 9 1 4 7 3 8 6 2 5 9 1 4 7 3
6 3 8 1 6 2 5 9 4 6 3 8 1 6 2 5 9 4 6 3 8 1 6 2 5 9 4 6 3 8 1 6
4 7 3 8 1 6 2 5 9 4 7 3 8 1 6 2 5 9 4 7 3 8 1 6 2 5 9 4 7 3 8 1
7 2 9 1 4 8 3 6 5 7 2 9 1 4 8 3 6 5 7 2 9 1 4 8 3 6 5 7 2 9 1 4
3 8 1 6 2 5 9 4 7 3 8 1 6 2 5 9 4 7 3 8 1 6 2 5 9 4 7 3 8 1 6 2
5 9 4 7 3 1 8 2 6 5 9 4 7 3 1 8 2 6 5 9 4 7 3 1 8 2 6 5 9 4 7 3
1 6 2 5 9 4 7 3 8 1 6 2 5 9 4 7 3 8 1 6 2 5 9 4 7 3 8 1 6 2 5 9
8 2 6 5 9 4 7 3 1 8 2 6 5 9 4 7 3 1 8 2 6 5 9 4 7 3 1 8 2 6 5 9
2 5 9 4 7 3 1 8 6 2 5 9 4 7 3 1 8 6 2 5 9 4 7 3 1 8 6 2 5 9 4 7
