32 40
4 7 2 9 1 5 8 3 6 4 7 2 9 1 5 8 3 6 4 7 2 9 1 5 8 3 6 4 7 2 9 1 5 8 3 6 4 7 2 9
1 5 8 3 6 4 7 2 9 1 5 8 3 6 4 7 2 9 1 5 8 3 6 4 7 2 9 1 5 8 3 6 4 7 2 9 1 5 8 3
6 4 7 2 9 1 5 8 3 6 4 7 2 9 1 5 8 3 6 4 7 2 9 1 5 8 3 6 4 7 2 9 1 5 8 3 6 4 7 2
9 1 5 8 3 6 4 7 2 9 1 5 8 3 6 4 7 2 9 1 5 8 3 6 4 7 2 9 1 5 8 3 6 4 7 2 9 1 5 8
3 6 4 7 2 9 1 5 8 3 6 4 7 2 9 1 5 8 3 6 4 7 2 9 1 5 8 3 6 4 7 2 9 1 5 8 3 6 4 7
2 9 1 5 8 3 6 4 7 2 9 1 5 8 3 6 4 7 2 9 1 5 8 3 6 4 7 2 9 1 5 8 3 6 4 7 2 9 1 5
8 3 6 4 7 2 9 1 5 8 3 6 4 7 2 9 1 5 8 3 6 4 7 2 9 1 5 8 3 6 4 7 2 9 1 5 8 3 6 4
7 2 9 1 5 8 3 6 4 7 2 9 1 5 8 3 6 4 7 2 9 1 5 8 3 6 4 7 2 9 1 5 8 3 6 4 7 2 9 1
5 8 3 6 4 7 2 9 1 5 8 3 6 4 7 2 9 1 5 8 3 6 4 7 2 9 1 5 8 3 6 4 7 2 9 1 5 8 3 6
4 7 2 9 1 5 8 3 6 4 7 2 9 1 5 8 3 6 4 7 2 9 1 5 8 3 6 4 7 2 9 1 5 8 3 6 4 7 2 9
1 5 8 3 6 4 7 2 9 1 5 8 3 6 4 7 2 9 1 5 8 3 6 4 7 2 9 1 5 8 3 6 4 7 2 9 1 5 8 3
6 4 7 2 9 1 5 8 3 6 4 7 2 9 1 5 8 3 6 4 7 2 9 1 5 8 3 6 4 7 2 9 1 5 8 3 6 4 7 2
9 1 5 8 3 6 4 7 2 9 1 5 8 3 6 4 7 2 9 1 5 8 3 6 4 7 2 9 1 5 8 3 6 4 7 2 9 1 5 8
3 6 4 7 2 9 1 5 8 3 6 4 7 2 9 1 5 8 3 6 4 7 2 9 1 5 8 3 6 4 7 2 9 1 5 8 3 6 4 7
2 9 1 5 8 3 6 4 7 2 9 1 5 8 3 6 4 7 2 9 1 5 8 3 6 4 7 2 9 1 5 8 3 6 4 7 2 9 1 5
8 3 6 4 7 2 9 1 5 8 3 6 4 7 2 9 1 5 8 3 6 4 7 2 9 1 5 8 3 6 4 7 2 9 1 5 8 3 6 4
7 2 9 1 5 8 3 6 4 7 2 9 1 5 8 3 6 4 7 2 9 1 5 8 3 6 4 7 2 9 1 5 8 3 6 4 7 2 9 1
5 8 3 6 4 7 2 9 1 5 8 3 6 4 7 2 9 1 5 8 3 6 4 7 2 9 1 5 8 3 6 4 7 2 9 1 5 8 3 6
4 7 2 9 1 5 8 3 6 4 7 2 9 1 5 8 3 6 4 7 2 9 1 5 8 3 6 4 7 2 9 1 5 8 3 6 4 7 2 9
1 5 8 3 6 4 7 2 9 1 5 8 3 6 4 7 2 9 1 5 8 3 6 4 7 2 9 1 5 8 3 6 4 7 2 9 1 5 8 3
6 4 7 2 9 1 5 8 3 6 4 7 2 9 1 5 8 3 6 4 7 2 9 1 5 8 3 6 4 7 2 9 1 5 8 3 6 4 7 2
9 1 5 8 3 6 4 7 2 9 1 5 8 3 6 4 7 2 9 1 5 8 3 6 4 7 2 9 1 5 8 3 6 4 7 2 9 1 5 8
3 6 4 7 2 9 1 5 8 3 6 4 7 2 9 1 5 8 3 6 4 7 2 9 1 5 8 3 6 4 7 2 9 1 5 8 3 6 4 7
2 9 1 5 8 3 6 4 7 2 9 1 5 8 3 6 4 7 2 9 1 5 8 3 6 4 7 2 9 1 5 8 3 6 4 7 2 9 1 5
8 3 6 4 7 2 9 1 5 8 3 6 4 7 2 9 1 5 8 3 6 4 7 2 9 1 5 8 3 6 4 7 2 9 1 5 8 3 6 4
7 2 9 1 5 8 3 6 4 7 2 9 1 5 8 3 6 4 7 2 9 1 5 8 3 6 4 7 2 9 1 5 8 3 6 4 7 2 9 1
5 8 3 6 4 7 2 9 1 5 8 3 6 4 7 2 9 1 5 8 3 6 4 7 2 9 1 5 8 3 6 4 7 2 9 1 5 8 3 6
4 7 2 9 1 5 8 3 6 4 7 2 9 1 5 8 3 6 4 7 2 9 1 5 8 3 6 4 7 2 9 1 5 8 3 6 4 7 2 9
1 5 8 3 6 4 7 2 9 1 5 8 3 6 4 7 2 9 1 5 8 3 6 4 7 2 9 1 5 8 3 6 4 7 2 9 1 5 8 3
6 4 7 2 9 1 5 8 3 6 4 7 2 9 1 5 8 3 6 4 7 2 9 1 5 8 3 6 4 7 2 9 1 5 8 3 6 4 7 2
9 1 5 8 3 6 4 7 2 9 1 5 8 3 6 4 7 2 9 1 5 8 3 6 4 7 2 9 1 5 8 3 6 4 7 2 9 1 5 8
3 6 4 7 2 9 1 5 8 3 6 4 7 2 9 1 5 8 3 6 4 7 2 9 1 5 8 3 6 4 7 2 9 1 5 8 3 6 4 7
